<TICKER>,<DTYYYYMMDD>,<OPEN>,<HIGH>,<LOW>,<CLOSE>,<VOL>
PTSEC,20050531,31.50,32.50,29.50,29.50,250123
PTSEC,20050601,29.75,30.25,29.50,29.50,39956
PTSEC,20050602,29.75,31.75,29.75,31.50,115539
PTSEC,20050603,31.25,31.75,31.00,31.50,43544
PTSEC,20050606,31.25,31.50,30.50,30.50,17864
PTSEC,20050607,30.75,31.25,30.75,30.75,29479
PTSEC,20050608,31.00,31.00,30.50,30.50,8503
PTSEC,20050609,30.50,30.75,30.50,30.50,4325
PTSEC,20050610,30.75,30.75,30.25,30.25,10004
PTSEC,20050613,30.50,30.75,30.00,30.50,10203
PTSEC,20050614,30.25,31.00,30.25,30.50,7606
PTSEC,20050615,30.75,31.00,30.50,30.75,10973
PTSEC,20050616,30.75,31.00,30.75,30.75,8368
PTSEC,20050617,31.00,31.00,30.75,30.75,1371
PTSEC,20050620,30.75,30.75,30.75,30.75,9809
PTSEC,20050621,30.50,30.75,30.50,30.50,894
PTSEC,20050622,30.50,30.75,30.50,30.50,5788
PTSEC,20050623,30.50,30.75,30.50,30.75,1270
PTSEC,20050624,30.50,30.75,30.50,30.75,10994
PTSEC,20050627,30.50,30.50,30.50,30.50,10947
PTSEC,20050628,30.50,30.50,30.50,30.50,14384
PTSEC,20050629,30.50,30.50,30.00,30.00,28758
PTSEC,20050630,30.00,30.00,29.50,29.50,1478
PTSEC,20050704,29.50,29.50,28.50,28.75,961
PTSEC,20050705,28.75,28.75,28.50,28.50,259
PTSEC,20050706,28.50,29.50,28.25,28.50,4927
PTSEC,20050707,28.50,28.50,27.00,27.00,4519
PTSEC,20050708,26.50,27.25,26.50,27.25,410
PTSEC,20050711,26.50,27.00,26.50,26.75,1226
PTSEC,20050712,26.75,28.00,26.75,28.00,12420
PTSEC,20050713,28.00,28.25,28.00,28.00,3118
PTSEC,20050714,28.00,28.75,28.00,28.75,737
PTSEC,20050715,28.00,28.00,28.00,28.00,95
PTSEC,20050718,28.00,28.25,28.00,28.00,883
PTSEC,20050719,28.00,28.00,28.00,28.00,45
PTSEC,20050720,28.00,28.00,28.00,28.00,519
PTSEC,20050721,27.75,27.75,27.25,27.50,1432
PTSEC,20050725,27.50,27.50,27.50,27.50,70
PTSEC,20050726,27.75,27.75,27.50,27.50,1157
PTSEC,20050727,27.50,27.50,27.50,27.50,10
PTSEC,20050728,28.00,28.25,28.00,28.00,260
PTSEC,20050729,28.00,28.00,27.75,28.00,822
PTSEC,20050801,28.00,29.00,28.00,29.00,3242
PTSEC,20050802,28.50,28.75,28.00,28.25,423
PTSEC,20050803,28.50,29.25,28.25,29.25,1109
PTSEC,20050804,29.50,30.25,29.25,29.50,3430
PTSEC,20050805,29.50,30.00,29.50,29.50,3600
PTSEC,20050808,29.75,29.75,29.25,29.25,329
PTSEC,20050809,29.50,29.75,29.00,29.00,1716
PTSEC,20050810,28.75,29.25,28.75,28.75,262
PTSEC,20050811,28.75,28.75,28.50,28.75,47
PTSEC,20050815,28.50,28.50,27.00,27.50,2563
PTSEC,20050816,28.00,28.00,27.50,27.50,348
PTSEC,20050817,27.50,27.75,27.50,27.75,106
PTSEC,20050818,28.00,28.25,27.75,27.75,583
PTSEC,20050819,27.75,28.00,27.75,28.00,5731
PTSEC,20050822,28.25,28.50,28.00,28.25,437
PTSEC,20050823,28.25,30.25,28.25,30.00,11454
PTSEC,20050824,30.00,32.00,30.00,31.50,27025
PTSEC,20050825,31.25,32.25,31.00,31.25,14624
PTSEC,20050826,31.25,31.75,31.00,31.25,16119
PTSEC,20050829,31.25,31.25,30.75,31.25,14403
PTSEC,20050830,31.25,32.00,31.25,32.00,10685
PTSEC,20050831,32.75,34.25,32.75,33.00,62353
PTSEC,20050901,33.75,37.50,33.75,37.50,125300
PTSEC,20050902,37.25,38.00,36.50,37.00,101584
PTSEC,20050905,37.50,39.50,37.25,38.25,92432
PTSEC,20050906,38.75,39.00,37.50,38.50,52980
PTSEC,20050907,39.25,40.25,38.25,40.00,80668
PTSEC,20050908,39.75,40.50,39.25,40.25,57665
PTSEC,20050909,40.25,40.75,39.50,39.75,45582
PTSEC,20050912,40.00,40.00,38.50,38.50,32341
PTSEC,20050913,38.25,39.50,38.25,39.00,25312
PTSEC,20050914,39.00,41.25,39.00,41.00,65805
PTSEC,20050915,41.25,41.50,39.75,39.75,41861
PTSEC,20050916,39.50,39.75,38.75,39.50,49841
PTSEC,20050919,39.00,39.25,38.75,38.75,21273
PTSEC,20050920,39.00,41.00,38.75,41.00,53499
PTSEC,20050921,41.00,42.25,40.75,41.50,70539
PTSEC,20050922,41.75,47.00,41.75,45.50,99176
PTSEC,20050923,45.50,46.50,44.75,45.75,67269
PTSEC,20050926,46.75,47.50,46.00,46.25,57929
PTSEC,20050927,46.75,47.00,45.25,45.25,40295
PTSEC,20050928,45.50,46.25,44.50,46.25,66335
PTSEC,20050929,46.50,46.75,45.75,46.25,37930
PTSEC,20050930,46.50,47.00,43.50,44.00,80772
PTSEC,20051003,43.25,44.00,42.25,43.25,65248
PTSEC,20051004,43.50,43.75,42.25,42.25,48894
PTSEC,20051005,42.00,44.50,42.00,44.25,66025
PTSEC,20051006,43.50,44.25,43.00,43.25,39630
PTSEC,20051007,43.50,43.75,42.75,43.00,21923
PTSEC,20051010,43.00,43.00,41.75,41.75,42843
PTSEC,20051011,41.75,42.75,41.25,42.75,42768
PTSEC,20051012,42.75,42.75,41.75,41.75,20502
PTSEC,20051013,42.00,42.50,41.25,41.75,12737
PTSEC,20051014,42.00,43.25,42.00,43.00,32034
PTSEC,20051017,43.00,43.25,42.75,43.25,19719
PTSEC,20051018,43.50,43.75,42.50,42.50,30703
PTSEC,20051019,42.25,42.50,41.50,41.75,22351
PTSEC,20051020,42.00,42.50,39.50,40.25,61506
PTSEC,20051021,40.25,41.75,40.00,41.75,34170
PTSEC,20051025,42.25,42.25,41.25,41.50,21915
PTSEC,20051026,41.75,43.25,41.50,43.00,40515
PTSEC,20051027,43.00,43.50,42.75,43.00,28187
PTSEC,20051028,42.75,43.00,42.25,42.50,17968
PTSEC,20051031,43.00,43.25,42.50,43.25,19378
PTSEC,20051101,43.50,45.50,43.50,45.50,68442
PTSEC,20051102,45.75,47.50,45.25,47.25,98394
PTSEC,20051103,47.50,47.75,46.75,47.00,74835
PTSEC,20051104,48.00,48.00,46.25,46.75,53980
PTSEC,20051107,46.50,46.75,45.25,46.00,40552
PTSEC,20051108,45.75,46.50,45.25,45.50,39075
PTSEC,20051109,45.75,46.50,45.50,45.50,45502
PTSEC,20051110,44.75,46.25,44.25,44.25,119827
PTSEC,20051111,44.50,45.00,44.25,44.75,26392
PTSEC,20051114,44.50,45.50,44.50,45.25,26099
PTSEC,20051115,45.75,46.75,40.75,41.25,247534
PTSEC,20051116,41.50,41.50,39.75,40.00,58199
PTSEC,20051117,40.00,40.50,39.00,39.00,23318
PTSEC,20051118,39.50,39.50,38.25,38.50,32100
PTSEC,20051121,39.00,39.25,38.00,38.50,31668
PTSEC,20051122,38.25,39.00,38.00,38.00,33296
PTSEC,20051123,38.00,38.00,35.50,37.50,54970
PTSEC,20051124,37.50,37.50,36.75,37.50,16614
PTSEC,20051125,37.50,37.50,37.00,37.00,7911
PTSEC,20051128,37.25,37.25,36.50,36.50,11589
PTSEC,20051129,36.50,38.00,36.25,37.75,31809
PTSEC,20051130,38.00,38.00,37.00,37.50,16514
PTSEC,20051201,36.50,36.75,34.75,35.75,43746
PTSEC,20051202,35.75,36.25,35.00,35.50,12496
PTSEC,20051206,35.75,38.50,35.75,38.25,47028
PTSEC,20051207,38.75,40.00,38.50,39.50,73029
PTSEC,20051208,39.50,39.75,38.50,39.00,47901
PTSEC,20051209,39.25,40.50,39.00,40.50,31289
PTSEC,20051213,40.25,40.75,39.25,39.25,32448
PTSEC,20051214,39.50,39.50,38.25,39.00,18972
PTSEC,20051215,39.00,39.25,38.00,38.00,8343
PTSEC,20051216,38.00,38.50,37.50,38.00,10756
PTSEC,20051219,38.25,38.75,37.75,38.00,10343
PTSEC,20051220,38.00,40.00,38.00,40.00,21164
PTSEC,20051221,40.25,40.50,39.25,39.50,39297
PTSEC,20051222,39.50,39.75,38.25,38.50,14886
PTSEC,20051223,38.75,39.25,38.75,38.75,10437
PTSEC,20051226,39.00,39.50,38.75,38.75,8450
PTSEC,20051227,39.00,39.75,39.00,39.75,17803
PTSEC,20051228,40.00,40.00,39.25,39.25,22338
PTSEC,20051229,39.50,40.25,39.50,39.75,28571
PTSEC,20051230,39.75,40.00,39.50,39.75,16833
PTSEC,20060103,40.00,41.75,39.75,41.75,66849
PTSEC,20060104,43.00,44.75,42.50,44.00,195617
PTSEC,20060105,44.50,44.75,43.25,43.50,100415
PTSEC,20060106,43.75,46.00,43.75,46.00,111306
PTSEC,20060109,46.75,47.75,46.50,47.75,91077
PTSEC,20060110,48.00,50.50,47.50,48.50,106246
PTSEC,20060111,48.25,51.00,48.00,50.50,88992
PTSEC,20060112,51.00,51.50,47.75,48.25,85261
PTSEC,20060113,48.50,49.50,48.00,49.00,39489
PTSEC,20060116,48.25,48.50,47.00,48.25,26892
PTSEC,20060117,48.25,48.75,46.25,46.50,43895
PTSEC,20060118,45.50,46.00,44.25,44.25,49404
PTSEC,20060119,45.00,47.00,44.25,47.00,32974
PTSEC,20060120,47.75,47.75,46.50,46.50,38538
PTSEC,20060123,45.25,47.75,45.00,46.00,49329
PTSEC,20060124,46.50,46.75,45.00,45.00,34417
PTSEC,20060125,45.25,47.50,45.25,47.25,59902
PTSEC,20060126,47.50,47.75,46.75,47.00,32826
PTSEC,20060127,47.50,47.75,46.75,47.00,22115
PTSEC,20060130,47.25,47.25,45.50,46.00,6559
PTSEC,20060131,46.00,46.00,45.50,45.75,13175
PTSEC,20060201,46.00,46.25,45.50,45.75,21734
PTSEC,20060202,45.00,45.00,42.50,42.50,49665
PTSEC,20060203,41.75,44.25,41.50,44.25,25029
PTSEC,20060206,44.00,44.00,42.00,42.50,23804
PTSEC,20060207,42.00,42.75,42.00,42.00,12073
PTSEC,20060208,42.00,42.00,40.00,40.00,20244
PTSEC,20060209,40.25,40.50,39.25,40.25,23035
PTSEC,20060210,40.00,40.75,40.00,40.25,22507
PTSEC,20060214,40.25,40.25,38.00,38.75,42902
PTSEC,20060215,39.25,39.75,38.50,38.50,11655
PTSEC,20060216,38.50,40.50,38.50,40.25,31350
PTSEC,20060217,40.25,40.75,40.00,40.25,19234
PTSEC,20060220,39.00,39.50,38.75,39.25,13748
PTSEC,20060221,39.25,39.50,38.75,39.50,3938
PTSEC,20060222,39.50,40.50,39.50,40.50,8676
PTSEC,20060223,40.50,42.25,40.25,41.50,41788
PTSEC,20060224,42.25,43.75,42.00,43.25,48372
PTSEC,20060227,43.50,46.25,42.75,46.25,61712
PTSEC,20060228,44.50,45.75,44.50,45.00,28347
PTSEC,20060301,45.00,46.75,44.75,45.50,30483
PTSEC,20060302,46.00,46.00,45.00,45.00,12136
PTSEC,20060303,45.00,45.25,44.25,44.25,7865
PTSEC,20060306,43.75,44.25,42.50,42.50,10981
PTSEC,20060307,42.25,42.75,41.75,42.00,11619
PTSEC,20060308,41.75,42.00,41.00,42.00,18431
PTSEC,20060309,42.00,42.75,40.75,41.00,28686
PTSEC,20060310,41.00,41.25,40.25,41.25,17531
PTSEC,20060313,40.75,42.25,40.75,42.00,13366
PTSEC,20060314,41.75,42.25,41.75,42.00,8779
PTSEC,20060315,42.50,44.75,42.50,44.50,17281
PTSEC,20060316,44.50,45.25,44.00,44.00,9154
PTSEC,20060317,44.00,44.25,43.00,44.00,3050
PTSEC,20060320,44.00,44.00,43.25,43.50,3107
PTSEC,20060321,43.50,43.75,43.25,43.75,4625
PTSEC,20060322,43.50,43.75,42.50,43.50,4533
PTSEC,20060323,43.00,44.25,42.25,43.25,12131
PTSEC,20060324,43.00,43.50,42.50,43.00,3818
PTSEC,20060327,43.25,43.50,43.00,43.50,3139
PTSEC,20060328,43.75,43.75,43.50,43.75,1803
PTSEC,20060329,43.75,43.75,43.00,43.25,14670
PTSEC,20060330,41.50,43.25,41.50,43.00,10011
PTSEC,20060331,43.00,43.25,43.00,43.00,4609
PTSEC,20060403,43.50,45.00,42.75,45.00,23326
PTSEC,20060404,44.25,46.25,44.00,45.75,29909
PTSEC,20060405,47.50,50.00,47.25,50.00,107132
PTSEC,20060407,49.25,49.25,48.50,48.75,54940
PTSEC,20060410,48.25,48.75,48.00,48.00,15151
PTSEC,20060411,48.50,50.50,48.00,49.75,42517
PTSEC,20060412,49.75,49.75,48.50,48.75,26747
PTSEC,20060417,48.75,48.75,46.75,46.75,33640
PTSEC,20060418,47.25,48.25,47.25,47.75,21831
PTSEC,20060420,48.25,51.00,48.25,49.75,49541
PTSEC,20060421,49.75,50.00,48.25,48.25,16807
PTSEC,20060424,48.25,49.25,48.25,48.50,18019
PTSEC,20060425,48.25,48.25,47.00,47.25,33050
PTSEC,20060426,48.50,49.25,48.00,48.75,34534
PTSEC,20060427,50.00,50.00,48.50,48.50,24917
PTSEC,20060428,48.50,49.25,48.25,49.00,6756
PTSEC,20060502,49.25,49.50,49.00,49.50,16355
PTSEC,20060503,49.75,49.75,48.50,48.50,7891
PTSEC,20060504,49.00,49.00,48.25,48.50,5019
PTSEC,20060508,49.00,52.50,49.00,52.50,76184
PTSEC,20060509,52.00,54.00,51.50,53.00,38972
PTSEC,20060510,53.00,54.50,53.00,53.50,16875
PTSEC,20060511,54.00,54.00,50.50,51.00,44612
PTSEC,20060515,49.50,50.50,49.00,50.50,20071
PTSEC,20060516,51.00,51.50,49.00,51.50,43729
PTSEC,20060517,51.50,51.50,50.00,50.50,18380
PTSEC,20060518,49.00,49.50,48.25,48.75,58564
PTSEC,20060519,48.50,49.25,48.25,48.50,27137
PTSEC,20060522,48.75,48.75,46.00,46.25,43530
PTSEC,20060523,46.00,47.50,46.00,47.25,36273
PTSEC,20060524,47.75,47.75,46.50,46.50,31201
PTSEC,20060525,46.75,47.50,46.75,47.00,28443
PTSEC,20060526,48.25,48.25,47.25,47.25,38950
PTSEC,20060529,47.50,47.50,46.50,47.25,7540
PTSEC,20060530,46.75,47.00,44.50,45.00,26207
PTSEC,20060531,42.75,43.75,42.50,43.75,35023
PTSEC,20060601,44.00,44.25,43.75,43.75,13025
PTSEC,20060602,44.25,45.50,44.25,45.50,15706
PTSEC,20060605,45.50,45.50,44.75,44.75,19869
PTSEC,20060606,43.75,43.75,42.75,43.00,35401
PTSEC,20060607,42.50,43.00,42.25,42.25,26148
PTSEC,20060608,41.75,42.50,39.75,39.75,35273
PTSEC,20060609,40.50,41.25,39.75,40.75,30225
PTSEC,20060614,39.75,40.25,39.25,40.00,12720
PTSEC,20060615,40.75,41.00,39.75,40.25,17463
PTSEC,20060616,41.75,42.25,41.50,42.25,27412
PTSEC,20060619,42.00,42.00,41.50,41.75,3457
PTSEC,20060620,41.50,41.50,40.00,40.25,8399
PTSEC,20060621,40.25,41.00,40.25,40.75,4205
PTSEC,20060622,41.75,43.00,41.25,43.00,13667
PTSEC,20060623,41.75,43.00,41.75,43.00,8795
PTSEC,20060626,43.00,43.00,42.25,42.50,4953
PTSEC,20060627,42.50,43.00,41.50,41.50,9148
PTSEC,20060628,40.75,42.00,40.50,42.00,7682
PTSEC,20060629,42.75,43.25,42.25,43.00,20056
PTSEC,20060630,44.50,44.50,43.75,43.75,30347
PTSEC,20060703,44.00,44.00,43.50,44.00,7323
PTSEC,20060704,44.00,44.75,43.75,43.75,10709
PTSEC,20060705,43.75,43.75,42.25,42.25,4340
PTSEC,20060706,41.25,42.25,41.25,42.00,12810
PTSEC,20060707,42.00,42.25,41.75,42.00,5224
PTSEC,20060710,41.75,41.75,41.25,41.25,4843
PTSEC,20060712,41.25,41.50,40.75,40.75,7814
PTSEC,20060713,40.75,41.00,39.75,40.00,11072
PTSEC,20060714,39.25,39.75,38.25,38.75,17128
PTSEC,20060717,38.00,38.00,36.75,37.00,14392
PTSEC,20060718,37.50,37.75,36.00,36.75,31284
PTSEC,20060719,37.50,37.50,36.50,37.00,13235
PTSEC,20060720,38.00,38.75,37.75,38.00,30222
PTSEC,20060721,37.75,42.50,37.50,42.00,91502
PTSEC,20060724,41.50,42.00,41.00,41.50,43521
PTSEC,20060725,42.75,43.00,41.75,42.00,70937
PTSEC,20060726,42.25,42.25,41.50,41.75,30338
PTSEC,20060727,42.25,43.25,42.00,42.00,57927
PTSEC,20060728,42.25,42.25,40.75,40.75,34652
PTSEC,20060731,41.25,41.25,40.25,40.25,10058
PTSEC,20060801,40.25,40.50,38.75,39.00,24513
PTSEC,20060802,38.50,39.75,38.50,39.75,19459
PTSEC,20060803,40.00,41.00,39.75,40.50,33702
PTSEC,20060804,40.75,40.75,39.75,39.75,43962
PTSEC,20060807,39.50,40.00,39.50,39.75,7728
PTSEC,20060808,40.25,40.25,39.75,40.00,48627
PTSEC,20060809,39.50,40.25,39.25,39.50,34742
PTSEC,20060810,39.50,39.50,38.50,38.75,23412
PTSEC,20060811,39.00,39.25,38.75,39.00,6548
PTSEC,20060815,39.50,40.00,39.00,39.75,8876
PTSEC,20060816,40.25,40.50,40.00,40.25,22014
PTSEC,20060817,40.50,41.50,40.25,41.25,67016
PTSEC,20060818,41.00,41.25,40.50,41.00,9600
PTSEC,20060821,41.00,41.00,39.50,40.00,10538
PTSEC,20060822,40.00,40.00,39.50,39.75,11791
PTSEC,20060823,39.50,39.75,39.25,39.25,12656
PTSEC,20060824,39.00,39.25,38.75,39.00,12290
PTSEC,20060825,39.00,39.25,38.50,38.50,15601
PTSEC,20060828,38.50,38.75,38.25,38.25,6498
PTSEC,20060829,38.75,39.00,38.75,38.75,2416
PTSEC,20060830,38.75,38.75,38.50,38.75,5683
PTSEC,20060831,39.00,39.00,38.25,39.00,17922
PTSEC,20060901,38.25,39.00,38.00,38.75,20639
PTSEC,20060904,38.75,40.00,38.75,40.00,20369
PTSEC,20060905,40.00,40.00,39.25,39.25,6463
PTSEC,20060906,39.00,39.25,39.00,39.00,1997
PTSEC,20060907,38.75,39.00,38.50,39.00,6319
PTSEC,20060908,38.75,39.50,38.50,39.25,5277
PTSEC,20060911,39.25,39.25,38.75,39.00,3797
PTSEC,20060912,39.00,40.00,39.00,39.75,11998
PTSEC,20060913,40.00,42.00,40.00,41.50,62341
PTSEC,20060914,41.75,42.25,41.50,41.75,32219
PTSEC,20060915,42.00,42.00,41.25,41.75,22610
PTSEC,20060918,41.25,43.00,41.25,43.00,43032
PTSEC,20060919,42.75,43.25,42.25,42.50,32816
PTSEC,20060921,40.50,43.00,40.50,42.50,76773
PTSEC,20060922,42.75,42.75,40.00,40.00,64501
PTSEC,20060925,40.25,41.50,40.00,41.25,17011
PTSEC,20060926,41.50,41.50,40.50,40.50,10796
PTSEC,20060927,41.25,41.25,40.75,40.75,12168
PTSEC,20060928,40.75,41.00,40.00,40.00,11008
PTSEC,20060929,40.25,40.75,40.00,40.50,5239
PTSEC,20061002,40.50,40.50,40.25,40.50,3580
PTSEC,20061003,40.25,41.00,40.25,40.50,6480
PTSEC,20061004,40.50,42.00,40.50,42.00,24109
PTSEC,20061005,42.50,43.50,42.00,43.50,36711
PTSEC,20061006,43.50,43.50,42.50,42.50,7734
PTSEC,20061009,42.75,42.75,41.75,41.75,4413
PTSEC,20061010,42.25,43.00,42.00,43.00,8377
PTSEC,20061011,43.00,43.25,42.75,42.75,9615
PTSEC,20061012,42.75,44.00,42.75,43.50,26357
PTSEC,20061013,44.00,44.50,44.00,44.25,48134
PTSEC,20061016,44.75,45.00,43.75,44.25,16495
PTSEC,20061017,43.75,44.00,43.50,44.00,8202
PTSEC,20061018,43.50,44.00,43.50,44.00,8395
PTSEC,20061019,44.00,44.50,43.75,43.75,24429
PTSEC,20061020,44.25,44.75,44.00,44.00,20384
PTSEC,20061024,44.25,44.50,43.00,43.25,18953
PTSEC,20061025,43.50,43.75,43.50,43.50,9399
PTSEC,20061026,44.00,44.50,44.00,44.25,12281
PTSEC,20061027,43.75,44.25,43.75,44.00,12374
PTSEC,20061030,43.25,43.75,42.50,42.75,11793
PTSEC,20061031,43.00,43.25,43.00,43.25,2922
PTSEC,20061101,43.25,44.00,43.25,44.00,6631
PTSEC,20061102,43.75,44.00,43.50,43.50,10753
PTSEC,20061103,43.50,44.50,43.50,44.25,13247
PTSEC,20061106,44.50,45.25,44.00,45.00,41753
PTSEC,20061107,45.75,46.25,45.00,45.00,42683
PTSEC,20061108,45.25,45.50,44.25,44.75,24108
PTSEC,20061109,45.00,46.00,45.00,45.75,29142
PTSEC,20061110,45.75,45.75,44.75,45.00,23225
PTSEC,20061113,45.00,45.25,44.25,44.50,12672
PTSEC,20061114,45.00,45.00,43.75,44.00,18491
PTSEC,20061115,44.25,44.50,44.00,44.25,4165
PTSEC,20061116,44.50,44.50,44.00,44.25,7108
PTSEC,20061117,44.25,44.50,44.00,44.25,2594
PTSEC,20061120,44.25,44.25,43.00,43.25,7955
PTSEC,20061121,43.25,43.75,43.25,43.50,5430
PTSEC,20061122,43.75,44.25,43.50,44.25,14753
PTSEC,20061123,44.25,44.25,44.00,44.00,8568
PTSEC,20061124,44.00,44.00,42.50,42.75,10045
PTSEC,20061127,42.75,43.75,42.75,43.75,2817
PTSEC,20061128,43.50,43.50,42.50,42.50,6029
PTSEC,20061129,42.75,43.25,42.75,43.00,3668
PTSEC,20061130,43.50,43.50,43.00,43.25,17963
PTSEC,20061201,43.25,43.25,43.00,43.00,5865
PTSEC,20061204,43.00,43.00,42.25,42.25,4664
PTSEC,20061206,42.50,42.50,42.00,42.00,15293
PTSEC,20061207,42.25,42.25,41.50,41.50,21326
PTSEC,20061208,41.50,42.00,41.50,42.00,4259
PTSEC,20061212,42.00,42.00,41.50,41.75,9071
PTSEC,20061213,41.50,41.50,41.00,41.00,2511
PTSEC,20061214,41.00,41.25,40.00,40.25,9264
PTSEC,20061215,40.75,41.00,40.25,41.00,7316
PTSEC,20061218,41.00,41.00,40.25,40.25,1985
PTSEC,20061219,31.00,34.75,28.25,29.75,135482
PTSEC,20061220,36.00,36.25,35.00,35.50,109966
PTSEC,20061221,34.50,34.50,32.75,33.50,22750
PTSEC,20061222,33.00,33.50,32.25,33.50,23756
PTSEC,20061225,33.25,34.00,33.00,33.75,4577
PTSEC,20061226,33.50,34.25,33.50,33.75,3365
PTSEC,20061227,33.75,34.00,33.75,33.75,2329
PTSEC,20061228,33.75,33.75,32.75,32.75,6677
PTSEC,20061229,32.50,32.50,31.50,31.75,9232
PTSEC,20070103,29.50,29.75,28.00,28.25,77712
PTSEC,20070104,28.50,28.75,28.00,28.50,22493
PTSEC,20070105,28.00,28.00,25.75,26.00,33444
PTSEC,20070108,25.75,27.50,25.50,26.25,25603
PTSEC,20070109,26.00,26.25,24.30,24.50,23821
PTSEC,20070110,24.00,25.25,24.00,25.00,47312
PTSEC,20070111,25.50,27.50,25.25,27.00,75105
PTSEC,20070112,28.00,28.50,26.75,27.00,34727
PTSEC,20070115,27.50,28.00,27.00,27.75,25773
PTSEC,20070116,28.00,29.25,27.75,29.25,53403
PTSEC,20070117,28.50,29.25,28.50,29.00,19263
PTSEC,20070118,29.00,29.25,28.75,29.00,14490
PTSEC,20070119,29.00,29.00,28.00,28.25,9888
PTSEC,20070122,28.50,28.75,28.25,28.25,5022
PTSEC,20070123,28.00,28.25,27.25,27.75,7634
PTSEC,20070124,28.50,28.75,28.25,28.25,12513
PTSEC,20070125,28.75,29.50,28.50,29.25,21526
PTSEC,20070126,29.00,29.25,28.75,29.00,11130
PTSEC,20070129,29.25,29.50,28.50,28.50,11314
PTSEC,20070130,28.75,28.75,28.25,28.50,4047
PTSEC,20070131,28.75,29.25,28.25,28.50,18272
PTSEC,20070201,28.75,28.75,28.00,28.25,26316
PTSEC,20070202,28.50,31.00,28.25,30.75,77241
PTSEC,20070205,31.00,32.00,31.00,31.00,61170
PTSEC,20070206,31.25,31.25,30.50,30.75,18112
PTSEC,20070207,30.75,31.25,30.50,30.50,9270
PTSEC,20070208,30.50,32.75,30.50,32.50,68110
PTSEC,20070209,32.75,33.00,32.00,32.00,29618
PTSEC,20070212,32.25,32.25,31.50,31.75,15484
PTSEC,20070213,32.00,32.00,30.75,30.75,33213
PTSEC,20070214,31.25,31.75,31.00,31.50,43381
PTSEC,20070215,32.00,32.50,31.00,31.00,65957
PTSEC,20070216,31.75,32.00,31.25,31.50,42685
PTSEC,20070219,31.25,32.00,31.25,31.75,8551
PTSEC,20070220,31.75,32.50,31.75,32.25,10023
PTSEC,20070221,32.25,32.50,32.00,32.00,15165
PTSEC,20070222,32.50,33.00,32.25,32.25,26920
PTSEC,20070223,32.25,32.50,31.75,32.00,12936
PTSEC,20070226,32.25,32.25,31.50,31.75,11532
PTSEC,20070227,31.75,32.00,30.75,31.25,22233
PTSEC,20070228,29.50,30.75,29.50,30.75,63371
PTSEC,20070301,30.75,31.25,30.75,31.00,22740
PTSEC,20070302,31.00,31.25,30.75,31.00,7020
PTSEC,20070306,31.00,31.00,30.25,30.75,24125
PTSEC,20070307,31.25,31.25,30.75,31.00,11857
PTSEC,20070308,31.00,31.50,31.00,31.25,4806
PTSEC,20070309,31.50,32.00,31.50,32.00,15925
PTSEC,20070312,32.00,32.50,32.00,32.25,10407
PTSEC,20070313,32.25,32.75,32.25,32.50,18514
PTSEC,20070314,32.00,32.50,32.00,32.25,19399
PTSEC,20070315,32.50,32.75,32.50,32.50,38169
PTSEC,20070316,30.50,30.50,30.00,30.50,10486
PTSEC,20070319,30.50,30.50,29.75,30.00,5492
PTSEC,20070320,30.00,30.00,29.50,29.50,3096
PTSEC,20070321,29.75,29.75,28.50,28.75,7615
PTSEC,20070322,29.25,30.00,29.00,29.75,7866
PTSEC,20070323,29.75,30.00,29.50,29.75,9186
PTSEC,20070326,29.75,30.00,29.75,29.75,9622
PTSEC,20070327,30.00,30.00,29.50,29.50,2717
PTSEC,20070328,29.25,29.50,28.25,28.25,14092
PTSEC,20070329,28.25,28.75,28.00,28.50,4472
PTSEC,20070330,28.75,28.75,28.50,28.50,1964
PTSEC,20070402,28.75,29.50,28.75,29.25,7440
PTSEC,20070403,29.50,31.00,29.50,30.50,80588
PTSEC,20070404,31.25,32.25,31.25,32.00,70930
PTSEC,20070405,32.00,32.50,31.50,32.50,23494
PTSEC,20070409,32.50,32.50,31.75,32.00,12631
PTSEC,20070410,31.75,32.50,31.75,32.00,26846
PTSEC,20070411,32.25,32.75,32.25,32.50,24846
PTSEC,20070412,32.25,32.75,32.25,32.75,14180
PTSEC,20070417,32.75,33.00,32.25,32.25,4504
PTSEC,20070418,32.25,32.25,31.50,31.75,7447
PTSEC,20070419,31.25,31.25,30.25,30.25,15110
PTSEC,20070420,30.50,30.50,30.00,30.50,9159
PTSEC,20070423,30.50,31.00,30.50,30.75,8247
PTSEC,20070424,30.75,31.00,30.75,30.75,4692
PTSEC,20070425,30.75,31.75,30.75,31.75,15513
PTSEC,20070426,32.25,32.25,31.50,31.50,14005
PTSEC,20070427,31.50,31.50,31.25,31.50,5297
PTSEC,20070430,31.50,31.75,31.25,31.50,2251
PTSEC,20070502,31.75,32.50,31.50,32.25,17361
PTSEC,20070503,32.50,34.00,32.25,34.00,66623
PTSEC,20070504,34.75,35.00,33.75,34.75,62011
PTSEC,20070508,34.50,34.50,33.75,34.00,6508
PTSEC,20070509,33.75,34.25,33.50,34.25,6562
PTSEC,20070510,34.25,34.25,33.75,34.00,3530
PTSEC,20070511,33.75,34.00,33.50,34.00,3231
PTSEC,20070514,34.25,34.75,34.00,34.00,11021
PTSEC,20070515,34.00,34.00,33.50,33.75,4387
PTSEC,20070516,34.00,35.75,34.00,35.75,38013
PTSEC,20070517,36.00,37.75,36.00,37.50,90542
PTSEC,20070518,37.50,38.25,37.25,38.00,48437
PTSEC,20070521,38.25,39.50,38.25,38.75,50772
PTSEC,20070522,39.00,39.00,38.50,38.75,42825
PTSEC,20070523,38.75,38.75,38.25,38.50,37290
PTSEC,20070524,38.25,38.25,36.25,36.25,49704
PTSEC,20070525,36.25,37.00,36.00,36.50,18266
PTSEC,20070528,36.50,38.50,36.50,38.25,21609
PTSEC,20070529,37.50,39.25,37.50,39.00,43384
PTSEC,20070530,39.50,42.00,39.00,40.75,65494
PTSEC,20070601,42.25,45.75,41.75,44.25,122328
PTSEC,20070604,45.00,46.25,44.50,45.00,69007
PTSEC,20070605,45.00,45.00,43.75,44.25,43954
PTSEC,20070606,44.00,44.75,42.50,43.50,30016
PTSEC,20070607,43.00,44.00,43.00,43.50,11607
PTSEC,20070608,42.50,43.25,42.50,42.75,14010
PTSEC,20070611,42.75,42.75,40.75,41.00,27775
PTSEC,20070612,41.25,41.25,40.00,40.50,23356
PTSEC,20070613,39.50,40.50,38.25,38.50,25084
PTSEC,20070614,39.50,40.00,39.25,39.50,30049
PTSEC,20070615,40.00,41.25,39.75,41.25,21140
PTSEC,20070618,44.00,45.75,43.50,45.75,56888
PTSEC,20070619,45.75,45.75,44.50,44.75,25458
PTSEC,20070620,45.00,45.50,43.75,44.25,48074
PTSEC,20070621,44.00,44.50,43.50,44.25,12495
PTSEC,20070622,44.25,44.50,43.50,43.50,15378
PTSEC,20070625,43.50,43.75,43.00,43.00,14801
PTSEC,20070626,42.75,43.50,42.75,43.00,2964
PTSEC,20070627,43.00,44.00,43.00,43.50,5677
PTSEC,20070628,44.00,44.25,43.75,44.25,7670
PTSEC,20070629,44.50,44.50,43.75,44.00,4308
PTSEC,20070702,44.00,45.75,43.75,45.50,39820
PTSEC,20070703,46.00,47.00,45.25,45.75,92969
PTSEC,20070704,46.25,48.25,45.75,48.00,72479
PTSEC,20070705,48.00,48.25,46.25,46.75,39462
PTSEC,20070706,47.00,48.00,46.75,47.25,11839
PTSEC,20070709,48.00,50.00,48.00,50.00,68386
PTSEC,20070710,49.50,50.00,48.00,49.25,22463
PTSEC,20070711,48.50,51.50,48.50,48.75,38919
PTSEC,20070712,49.75,49.75,47.00,47.50,28286
PTSEC,20070713,49.00,49.50,48.00,48.00,17536
PTSEC,20070716,48.25,48.50,47.25,48.00,8934
PTSEC,20070717,47.50,48.25,47.25,47.75,5601
PTSEC,20070718,48.00,48.50,47.25,47.25,5648
PTSEC,20070719,47.25,47.75,47.00,47.25,7598
PTSEC,20070720,47.75,49.25,47.75,48.25,14807
PTSEC,20070723,48.00,49.00,47.50,49.00,5331
PTSEC,20070724,49.75,53.00,49.75,52.50,58245
PTSEC,20070725,52.00,53.00,51.00,51.00,42123
PTSEC,20070726,51.50,52.00,49.50,50.50,9399
PTSEC,20070727,48.50,49.25,48.25,48.75,20123
PTSEC,20070731,48.75,49.25,48.50,49.00,12122
PTSEC,20070801,48.00,48.75,46.00,46.75,12913
PTSEC,20070802,47.25,47.75,44.50,47.75,19139
PTSEC,20070803,47.75,48.00,46.50,46.50,11322
PTSEC,20070806,45.25,45.75,44.50,44.50,5283
PTSEC,20070807,45.50,45.75,44.75,45.50,15277
PTSEC,20070808,45.75,46.50,45.50,46.00,9490
PTSEC,20070809,46.50,47.25,45.50,46.00,19208
PTSEC,20070810,44.50,45.25,44.00,45.00,8432
PTSEC,20070814,45.50,45.50,42.00,42.00,18362
PTSEC,20070815,41.00,41.25,38.50,39.25,42813
PTSEC,20070816,37.50,38.25,34.50,35.75,75335
PTSEC,20070817,36.50,36.75,34.25,36.50,103207
PTSEC,20070820,39.00,40.25,38.50,40.00,69941
PTSEC,20070821,40.50,41.75,38.00,38.00,58181
PTSEC,20070822,39.00,40.50,38.50,40.50,20304
PTSEC,20070823,41.75,42.50,41.25,42.00,35943
PTSEC,20070824,41.25,41.75,41.25,41.25,6645
PTSEC,20070827,42.00,42.25,40.75,41.25,6841
PTSEC,20070828,41.00,42.25,40.50,41.00,12450
PTSEC,20070829,40.00,41.25,39.50,41.25,12070
PTSEC,20070830,42.00,42.75,41.75,42.75,15787
PTSEC,20070831,42.75,44.50,42.25,44.25,36361
PTSEC,20070903,44.00,44.25,43.50,44.25,10044
PTSEC,20070904,44.25,44.50,43.75,43.75,17390
PTSEC,20070905,44.00,44.25,43.25,43.50,20452
PTSEC,20070906,42.00,42.50,41.75,42.00,9643
PTSEC,20070907,42.25,42.25,40.50,40.75,6710
PTSEC,20070910,40.00,40.75,39.75,40.50,4384
PTSEC,20070911,40.75,41.00,39.75,40.00,10090
PTSEC,20070912,40.75,40.75,39.25,39.50,14891
PTSEC,20070913,39.75,40.75,39.75,40.00,12669
PTSEC,20070914,40.50,41.75,40.50,40.75,14671
PTSEC,20070917,40.75,40.75,39.75,39.75,8581
PTSEC,20070918,39.75,40.25,39.75,40.00,3822
PTSEC,20070919,42.25,42.25,41.25,41.50,18206
PTSEC,20070920,41.75,41.75,41.00,41.25,3102
PTSEC,20070921,41.00,42.75,41.00,42.75,21804
PTSEC,20070924,43.25,44.00,42.75,43.00,16843
PTSEC,20070925,42.75,43.00,41.50,41.50,16455
PTSEC,20070926,39.25,40.25,38.75,40.00,76657
PTSEC,20070927,39.50,39.75,37.75,38.00,78362
PTSEC,20070928,38.00,38.50,37.50,37.50,62503
PTSEC,20071001,37.50,38.50,37.50,38.00,35231
PTSEC,20071002,38.50,39.00,38.00,38.50,29352
PTSEC,20071003,39.00,39.50,38.50,39.00,45331
PTSEC,20071004,39.25,40.25,38.75,40.00,42430
PTSEC,20071005,40.00,40.50,39.75,40.00,18247
PTSEC,20071008,40.00,40.50,39.75,40.00,12157
PTSEC,20071009,40.25,41.50,40.25,40.50,38262
PTSEC,20071010,41.25,41.25,40.00,40.00,19415
PTSEC,20071011,40.25,40.50,39.50,40.50,48072
PTSEC,20071012,40.50,40.50,40.00,40.25,16065
PTSEC,20071015,40.50,40.50,40.00,40.25,8867
PTSEC,20071016,40.00,40.25,38.50,39.00,21272
PTSEC,20071017,38.75,38.75,38.00,38.50,11497
PTSEC,20071018,38.75,38.75,37.75,37.75,13369
PTSEC,20071019,37.75,38.00,37.00,37.25,10086
PTSEC,20071022,37.00,37.00,36.25,37.00,2451
PTSEC,20071024,38.00,38.00,37.25,37.50,6001
PTSEC,20071025,37.75,39.00,37.50,38.75,4047
PTSEC,20071026,39.25,39.75,38.25,38.25,40088
PTSEC,20071029,38.75,38.75,38.00,38.00,15174
PTSEC,20071030,38.00,38.00,37.25,37.25,10841
PTSEC,20071031,37.25,38.75,37.00,38.75,17142
PTSEC,20071101,39.75,40.00,38.25,38.50,62902
PTSEC,20071102,38.50,38.75,37.75,38.00,8491
PTSEC,20071105,37.75,38.00,36.75,37.25,9635
PTSEC,20071106,37.25,37.75,36.75,37.25,4507
PTSEC,20071107,37.75,38.25,37.50,37.50,6348
PTSEC,20071108,36.75,37.00,36.50,37.00,3993
PTSEC,20071109,36.75,37.75,36.75,37.25,2516
PTSEC,20071112,37.00,37.00,35.75,36.00,13414
PTSEC,20071113,36.25,36.25,35.25,35.50,10631
PTSEC,20071114,36.25,36.25,35.00,35.25,13137
PTSEC,20071115,35.25,35.50,35.25,35.50,2737
PTSEC,20071116,35.00,35.00,34.50,35.00,11102
PTSEC,20071119,34.75,35.00,33.00,33.50,14302
PTSEC,20071120,33.00,33.00,31.75,32.00,29963
PTSEC,20071121,32.00,32.00,30.00,30.50,37645
PTSEC,20071122,30.25,30.75,28.50,29.25,39244
PTSEC,20071123,29.75,30.50,29.50,30.25,33542
PTSEC,20071126,31.50,31.50,30.75,31.00,11688
PTSEC,20071127,30.00,30.50,29.75,30.25,8507
PTSEC,20071128,30.75,32.75,30.50,32.00,31204
PTSEC,20071129,33.25,33.50,32.75,33.25,26604
PTSEC,20071130,33.75,33.75,32.75,33.00,5719
PTSEC,20071203,33.25,33.25,31.25,31.50,9270
PTSEC,20071204,31.50,31.50,30.75,31.00,15277
PTSEC,20071206,31.75,32.25,31.75,32.00,14082
PTSEC,20071207,32.50,32.50,31.50,31.75,20899
PTSEC,20071211,32.00,32.00,30.75,30.75,14153
PTSEC,20071212,30.50,30.75,30.25,30.50,23239
PTSEC,20071213,30.50,31.00,30.25,30.75,12244
PTSEC,20071214,30.75,32.00,30.25,31.50,15580
PTSEC,20071217,31.25,31.50,30.50,31.25,6555
PTSEC,20071218,31.00,32.75,30.75,32.50,15264
PTSEC,20071219,32.75,33.00,32.00,32.50,18157
PTSEC,20071220,32.25,32.50,31.50,31.50,4027
PTSEC,20071221,31.75,33.50,31.75,33.25,10772
PTSEC,20071225,33.50,33.75,32.75,33.50,7038
PTSEC,20071226,33.75,34.25,33.00,33.50,4392
PTSEC,20071227,33.25,34.00,33.25,33.75,933
PTSEC,20071228,33.00,34.25,33.00,34.25,11248
PTSEC,20080102,34.00,34.00,33.25,33.25,6326
PTSEC,20080103,32.75,32.75,31.75,31.75,7330
PTSEC,20080104,31.75,32.50,31.75,32.25,9801
PTSEC,20080107,32.00,32.00,31.25,31.50,10250
PTSEC,20080108,32.00,32.75,31.75,32.75,5102
PTSEC,20080109,32.25,32.75,32.00,32.75,4458
PTSEC,20080110,32.50,33.00,32.25,32.50,10765
PTSEC,20080111,32.75,32.75,32.50,32.50,13546
PTSEC,20080114,32.00,32.75,32.00,32.50,8173
PTSEC,20080115,32.50,32.75,32.25,32.50,3968
PTSEC,20080116,32.00,32.50,31.25,32.00,15033
PTSEC,20080117,32.00,33.25,31.75,33.00,5581
PTSEC,20080118,32.25,33.25,32.00,32.25,4363
PTSEC,20080121,32.50,33.25,31.75,31.75,7889
PTSEC,20080122,31.25,31.25,30.00,30.25,7288
PTSEC,20080123,31.50,31.50,30.25,30.50,5895
PTSEC,20080124,30.75,31.25,30.00,30.00,4017
PTSEC,20080125,31.00,31.25,30.25,31.25,8749
PTSEC,20080128,31.00,31.00,30.25,30.25,2456
PTSEC,20080129,30.50,30.50,30.25,30.25,1328
PTSEC,20080130,30.75,31.00,30.50,31.00,2859
PTSEC,20080131,31.00,33.00,31.00,33.00,11897
PTSEC,20080201,34.75,37.75,34.25,37.50,83552
PTSEC,20080204,38.50,38.50,37.00,37.50,45643
PTSEC,20080205,37.00,37.50,36.75,36.75,6352
PTSEC,20080206,35.75,36.25,35.50,36.00,7489
PTSEC,20080207,36.00,36.25,35.75,36.25,1915
PTSEC,20080208,36.25,36.50,36.25,36.25,1241
PTSEC,20080211,36.25,36.25,36.00,36.00,4435
PTSEC,20080212,36.50,37.75,36.50,37.50,13076
PTSEC,20080213,37.75,38.50,37.25,37.75,16304
PTSEC,20080214,38.50,38.50,37.50,37.75,10587
PTSEC,20080215,36.75,37.25,36.50,37.25,7110
PTSEC,20080218,37.25,37.25,36.75,37.00,2054
PTSEC,20080219,37.50,37.50,37.25,37.25,6371
PTSEC,20080220,37.25,37.25,36.50,36.50,518
PTSEC,20080222,36.50,36.50,35.75,36.25,2534
PTSEC,20080225,36.75,37.25,36.50,37.00,11862
PTSEC,20080226,37.50,37.50,36.75,37.00,8920
PTSEC,20080227,37.50,37.50,37.00,37.00,3119
PTSEC,20080228,37.00,38.25,37.00,38.00,9728
PTSEC,20080229,37.75,40.25,37.75,40.00,55970
PTSEC,20080303,39.50,40.00,39.50,39.50,9321
PTSEC,20080304,40.00,40.75,39.00,39.00,16257
PTSEC,20080305,39.00,39.00,38.25,38.50,2092
PTSEC,20080306,39.25,39.75,39.00,39.75,11012
PTSEC,20080307,39.00,39.00,38.75,38.75,1467
PTSEC,20080310,38.75,38.75,37.75,38.00,2395
PTSEC,20080311,38.00,38.25,37.50,37.50,3157
PTSEC,20080312,39.00,39.25,37.75,37.75,5850
PTSEC,20080313,38.25,38.25,35.75,36.00,11966
PTSEC,20080314,36.25,36.25,34.75,35.25,9629
PTSEC,20080317,34.25,34.50,34.00,34.00,4815
PTSEC,20080318,34.50,35.75,34.50,35.75,937
PTSEC,20080319,36.50,36.50,35.25,35.25,4401
PTSEC,20080320,35.00,35.00,34.00,34.00,7153
PTSEC,20080321,34.50,35.75,34.50,34.75,4598
PTSEC,20080324,34.75,34.75,34.50,34.75,2041
PTSEC,20080325,35.50,36.00,35.00,35.75,7882
PTSEC,20080326,36.00,36.00,35.50,35.75,2454
PTSEC,20080327,35.50,36.25,35.50,36.00,6464
PTSEC,20080328,36.25,36.75,36.00,36.75,9238
PTSEC,20080331,35.75,35.75,35.50,35.50,5306
PTSEC,20080401,35.75,36.25,35.75,36.00,4003
PTSEC,20080402,36.75,37.00,36.25,36.50,11777
PTSEC,20080403,36.75,36.75,36.25,36.50,7990
PTSEC,20080404,36.75,36.75,36.25,36.25,2671
PTSEC,20080408,36.25,36.75,36.25,36.25,5789
PTSEC,20080409,36.50,36.75,36.50,36.50,2094
PTSEC,20080410,36.50,36.50,35.50,36.00,1310
PTSEC,20080411,36.25,36.50,36.25,36.50,1066
PTSEC,20080416,36.50,36.75,36.25,36.25,5996
PTSEC,20080417,36.75,37.25,36.50,36.75,33205
PTSEC,20080418,37.00,37.25,36.50,36.75,11159
PTSEC,20080421,37.50,37.50,37.00,37.25,11635
PTSEC,20080422,37.50,38.50,37.50,38.50,21179
PTSEC,20080423,38.75,38.75,37.50,37.50,16632
PTSEC,20080424,37.75,38.25,37.25,37.50,10412
PTSEC,20080425,37.50,37.50,37.00,37.00,3629
PTSEC,20080428,37.25,37.25,36.75,36.75,2555
PTSEC,20080429,37.25,37.75,36.75,36.75,3467
PTSEC,20080430,36.75,37.50,36.75,37.25,2166
PTSEC,20080502,37.75,38.00,37.50,38.00,9598
PTSEC,20080506,38.00,38.25,37.50,37.75,7387
PTSEC,20080507,37.75,37.75,37.25,37.25,3187
PTSEC,20080508,37.25,37.75,37.00,37.50,5222
PTSEC,20080509,37.50,37.50,35.50,35.75,12062
PTSEC,20080512,35.75,36.00,35.50,36.00,6117
PTSEC,20080513,36.00,37.75,36.00,36.75,13617
PTSEC,20080514,36.75,37.00,36.50,37.00,2227
PTSEC,20080515,37.25,37.25,36.75,36.75,1976
PTSEC,20080516,37.25,39.25,37.25,38.75,54307
PTSEC,20080520,39.00,39.00,38.25,38.50,13750
PTSEC,20080521,38.50,39.00,38.50,38.50,15992
PTSEC,20080522,38.25,38.25,37.00,37.25,13407
PTSEC,20080523,37.50,38.25,37.25,37.25,17547
PTSEC,20080526,37.00,37.00,35.50,36.00,12306
PTSEC,20080527,36.00,36.00,35.50,35.50,8231
PTSEC,20080528,35.50,35.50,34.75,35.00,8096
PTSEC,20080529,35.25,35.25,34.00,34.75,11779
PTSEC,20080530,34.75,35.50,34.75,35.50,4152
PTSEC,20080602,35.00,35.00,34.50,35.00,4248
PTSEC,20080603,35.00,35.00,34.25,34.50,1022
PTSEC,20080604,34.25,35.00,34.25,34.50,923
PTSEC,20080605,34.50,35.00,34.50,35.00,532
PTSEC,20080606,35.50,35.50,35.00,35.50,1655
PTSEC,20080609,35.00,35.00,34.25,34.25,1343
PTSEC,20080610,34.00,34.50,33.25,33.50,3908
PTSEC,20080611,33.25,33.75,33.25,33.50,1967
PTSEC,20080612,33.50,33.50,32.25,33.00,7210
PTSEC,20080613,33.00,33.25,32.50,32.75,3099
PTSEC,20080616,32.75,33.00,32.25,32.50,3288
PTSEC,20080617,32.50,32.50,31.00,31.25,11007
PTSEC,20080618,30.75,31.50,30.50,31.50,8803
PTSEC,20080619,30.50,31.00,30.00,30.25,7414
PTSEC,20080620,30.25,31.00,30.00,30.50,12137
PTSEC,20080623,30.00,30.50,29.75,30.25,7391
PTSEC,20080624,30.50,30.50,30.00,30.00,5720
PTSEC,20080625,30.00,31.00,30.00,30.50,7913
PTSEC,20080626,31.00,31.50,30.75,30.75,7442
PTSEC,20080627,30.50,30.75,30.25,30.75,1803
PTSEC,20080630,30.75,30.75,30.50,30.50,1389
PTSEC,20080702,30.50,30.50,30.25,30.50,610
PTSEC,20080703,30.00,30.00,29.50,29.75,2115
PTSEC,20080704,29.50,30.25,29.50,29.75,1082
PTSEC,20080707,29.50,29.50,28.75,29.25,2550
PTSEC,20080708,29.25,29.25,28.50,28.50,2384
PTSEC,20080709,29.00,29.00,28.50,28.50,3686
PTSEC,20080710,28.75,29.00,28.25,29.00,379
PTSEC,20080711,29.00,29.25,28.50,28.50,8056
PTSEC,20080714,28.25,28.50,28.25,28.25,2153
PTSEC,20080715,28.25,28.25,26.75,26.75,5961
PTSEC,20080716,26.75,26.75,25.50,25.50,4110
PTSEC,20080718,27.00,27.00,25.75,26.00,1283
PTSEC,20080721,26.50,26.75,26.25,26.25,3370
PTSEC,20080722,26.00,26.25,25.75,25.75,996
PTSEC,20080723,25.75,26.75,25.75,26.50,13203
PTSEC,20080724,26.50,27.00,25.75,26.00,8895
PTSEC,20080725,26.00,26.25,25.75,26.00,1252
PTSEC,20080728,26.00,26.00,26.00,26.00,1223
PTSEC,20080729,26.00,26.00,25.25,25.25,3395
PTSEC,20080730,25.50,26.25,25.50,25.50,6583
PTSEC,20080731,26.00,27.00,26.00,26.75,9392
PTSEC,20080801,26.25,27.25,26.00,27.00,5521
PTSEC,20080804,27.00,27.25,27.00,27.00,2406
PTSEC,20080805,26.75,27.00,26.75,26.75,3168
PTSEC,20080806,27.00,28.25,27.00,28.25,13845
PTSEC,20080807,28.25,30.75,28.25,30.50,14353
PTSEC,20080808,29.50,29.75,28.75,29.00,8602
PTSEC,20080811,30.25,31.25,30.00,30.25,16738
PTSEC,20080813,29.75,30.25,29.00,29.50,9141
PTSEC,20080814,29.25,29.75,29.00,29.50,2022
PTSEC,20080815,29.50,29.50,28.00,28.75,8080
PTSEC,20080818,28.50,28.75,28.00,28.75,3637
PTSEC,20080819,28.50,28.75,28.00,28.75,3964
PTSEC,20080820,28.75,29.00,28.50,29.00,1375
PTSEC,20080821,29.00,29.00,28.75,28.75,2296
PTSEC,20080822,28.50,28.75,28.50,28.50,2278
PTSEC,20080825,28.50,28.75,28.50,28.75,1378
PTSEC,20080826,28.25,28.25,27.75,28.25,2077
PTSEC,20080827,28.50,29.25,28.50,29.00,1932
PTSEC,20080828,29.25,29.50,29.00,29.00,923
PTSEC,20080829,29.00,29.00,28.75,29.00,4932
PTSEC,20080901,27.50,28.00,27.25,27.25,1361
PTSEC,20080902,26.75,27.00,26.50,27.00,1251
PTSEC,20080903,26.75,27.25,26.75,27.00,2363
PTSEC,20080904,26.75,27.50,26.00,27.25,4075
PTSEC,20080905,27.00,27.25,27.00,27.25,629
PTSEC,20080908,27.25,28.00,27.25,28.00,1280
PTSEC,20080909,28.00,28.25,27.75,28.25,465
PTSEC,20080910,28.00,28.25,27.75,27.75,2591
PTSEC,20080911,27.75,27.75,27.00,27.00,4100
PTSEC,20080912,27.00,27.00,26.75,26.75,3666
PTSEC,20080915,27.00,27.00,25.50,25.50,3538
PTSEC,20080916,24.50,25.00,24.40,24.80,1386
PTSEC,20080917,24.80,25.00,24.20,24.30,2840
PTSEC,20080918,24.00,24.40,23.20,24.20,7673
PTSEC,20080919,24.50,25.50,24.50,25.25,3346
PTSEC,20080922,25.25,25.50,23.50,23.70,4666
PTSEC,20080923,23.60,23.60,23.40,23.40,7203
PTSEC,20080924,23.40,23.90,23.40,23.50,2766
PTSEC,20080925,23.30,23.40,22.80,23.30,3088
PTSEC,20080926,23.20,23.30,23.00,23.20,1649
PTSEC,20080929,23.00,23.10,22.50,22.50,2324
PTSEC,20080930,22.00,22.70,21.00,22.70,1992
PTSEC,20081001,22.50,22.60,22.40,22.40,295
PTSEC,20081002,22.50,22.80,22.30,22.30,257
PTSEC,20081003,22.30,22.30,22.00,22.00,461
PTSEC,20081006,21.90,21.90,19.50,19.50,3039
PTSEC,20081007,18.50,19.30,18.40,18.50,5078
PTSEC,20081008,17.40,17.70,15.90,16.70,12033
PTSEC,20081009,17.00,17.30,15.80,17.30,4998
PTSEC,20081010,15.40,16.50,14.00,14.10,11345
PTSEC,20081013,14.10,15.60,14.10,15.60,2814
PTSEC,20081014,16.40,17.20,16.30,16.90,4392
PTSEC,20081015,16.50,16.50,15.50,15.50,4206
PTSEC,20081016,15.00,15.00,14.60,15.00,3651
PTSEC,20081017,15.40,15.60,14.80,14.90,1451
PTSEC,20081020,15.00,15.00,13.20,13.20,9877
PTSEC,20081021,13.60,14.30,13.50,13.60,8539
PTSEC,20081022,13.50,13.60,13.20,13.40,1725
PTSEC,20081024,13.20,13.20,12.50,12.60,2807
PTSEC,20081027,12.00,12.10,11.10,11.50,3995
PTSEC,20081028,11.50,11.90,10.90,11.30,7328
PTSEC,20081029,11.40,12.00,9.80,9.90,28202
PTSEC,20081030,10.30,11.10,10.20,10.90,11560
PTSEC,20081031,10.80,12.20,10.70,11.60,12458
PTSEC,20081103,11.60,13.30,11.60,12.60,10638
PTSEC,20081104,12.60,14.60,12.60,14.30,12953
PTSEC,20081105,14.80,15.10,13.50,13.70,6978
PTSEC,20081106,13.10,13.50,12.70,13.50,16741
PTSEC,20081107,13.30,13.80,13.00,13.60,6014
PTSEC,20081110,13.90,13.90,13.30,13.30,4270
PTSEC,20081111,13.00,13.20,12.50,12.60,3998
PTSEC,20081112,12.40,12.50,12.10,12.10,1979
PTSEC,20081113,11.60,12.10,11.40,12.10,3860
PTSEC,20081114,12.30,12.50,12.00,12.50,4211
PTSEC,20081117,12.20,12.50,12.20,12.40,687
PTSEC,20081118,12.20,12.20,12.00,12.10,966
PTSEC,20081119,12.00,12.10,11.60,11.60,797
PTSEC,20081120,11.10,11.10,10.10,10.60,10526
PTSEC,20081121,10.20,10.70,10.00,10.60,1218
PTSEC,20081124,10.60,10.60,10.10,10.20,926
PTSEC,20081125,10.50,10.60,10.30,10.40,1347
PTSEC,20081126,10.20,10.40,10.10,10.30,2001
PTSEC,20081127,10.30,10.50,10.10,10.20,2652
PTSEC,20081128,10.20,10.60,10.20,10.60,2592
PTSEC,20081201,10.50,10.70,9.90,9.95,6327
PTSEC,20081202,9.80,10.10,9.80,9.95,9882
PTSEC,20081203,10.50,10.60,9.95,10.00,11964
PTSEC,20081204,10.00,10.20,9.95,10.00,5208
PTSEC,20081208,10.30,10.90,10.30,10.90,7565
PTSEC,20081209,10.90,11.80,10.70,11.80,17887
PTSEC,20081211,11.80,12.30,11.30,11.30,20530
PTSEC,20081212,11.20,11.60,11.10,11.60,6982
PTSEC,20081215,11.50,12.30,11.40,12.30,6058
PTSEC,20081216,12.00,13.30,11.90,12.60,28964
PTSEC,20081217,12.90,13.50,12.30,12.30,43186
PTSEC,20081218,12.50,12.80,12.40,12.40,21324
PTSEC,20081219,12.30,12.60,12.20,12.20,10727
PTSEC,20081222,12.20,12.20,11.60,11.60,6157
PTSEC,20081223,11.60,11.80,11.20,11.80,4331
PTSEC,20081224,11.80,12.00,11.60,11.70,4829
PTSEC,20081225,11.70,11.90,11.70,11.70,1915
PTSEC,20081226,11.90,11.90,11.80,11.90,2846
PTSEC,20081229,11.90,11.90,11.50,11.80,7162
PTSEC,20081230,11.80,12.00,11.80,11.80,2609
PTSEC,20090105,12.00,12.90,12.00,12.90,7242
PTSEC,20090106,12.90,13.40,12.70,12.70,16398
PTSEC,20090107,13.00,13.20,12.30,12.40,24711
PTSEC,20090108,12.20,12.40,12.10,12.40,4215
PTSEC,20090109,12.40,12.40,12.20,12.20,3266
PTSEC,20090112,12.40,12.40,11.70,11.80,7465
PTSEC,20090113,11.70,11.80,11.40,11.50,8523
PTSEC,20090114,11.60,11.70,11.40,11.60,7072
PTSEC,20090115,11.40,11.40,11.10,11.40,5960
PTSEC,20090116,11.50,11.70,11.30,11.60,2893
PTSEC,20090119,11.90,11.90,11.50,11.50,4347
PTSEC,20090120,11.40,11.50,11.30,11.50,4880
PTSEC,20090121,11.40,11.60,11.40,11.60,2506
PTSEC,20090122,11.70,11.90,11.70,11.70,5988
PTSEC,20090123,11.60,11.70,11.50,11.50,1840
PTSEC,20090126,11.30,11.50,11.20,11.40,4841
PTSEC,20090127,11.50,11.70,11.40,11.70,1740
PTSEC,20090128,11.60,11.70,11.50,11.60,2170
PTSEC,20090129,11.70,11.70,11.20,11.20,2884
PTSEC,20090130,11.00,11.30,11.00,11.20,526
PTSEC,20090202,11.20,11.20,10.80,10.80,1329
PTSEC,20090203,10.90,11.00,10.70,10.90,1024
PTSEC,20090204,10.90,10.90,10.80,10.90,1410
PTSEC,20090205,10.90,10.90,10.60,10.60,3606
PTSEC,20090206,10.90,11.50,10.90,11.50,6379
PTSEC,20090210,11.60,11.60,10.90,11.00,3143
PTSEC,20090211,10.80,11.20,10.80,11.20,1461
PTSEC,20090212,11.10,11.40,11.00,11.00,1197
PTSEC,20090213,11.00,11.30,11.00,11.20,1543
PTSEC,20090216,11.10,11.60,11.10,11.40,2352
PTSEC,20090217,11.40,11.50,11.20,11.20,724
PTSEC,20090218,11.10,11.90,11.10,11.90,3901
PTSEC,20090219,11.90,12.20,11.80,11.80,5211
PTSEC,20090220,11.80,11.80,11.20,11.20,2724
PTSEC,20090223,11.40,11.60,11.40,11.60,1856
PTSEC,20090224,11.50,11.50,11.20,11.40,2706
PTSEC,20090225,11.50,11.60,11.40,11.40,1608
PTSEC,20090226,11.50,11.50,11.40,11.50,2110
PTSEC,20090227,11.50,11.60,11.40,11.40,1561
PTSEC,20090302,11.40,11.40,10.90,11.00,5313
PTSEC,20090303,11.00,11.10,10.90,11.10,3328
PTSEC,20090304,11.00,11.20,11.00,11.10,6055
PTSEC,20090305,11.10,11.30,11.00,11.00,6699
PTSEC,20090306,11.00,11.10,11.00,11.10,7338
PTSEC,20090309,9.95,10.00,9.90,9.90,4876
PTSEC,20090310,10.00,10.00,9.90,9.95,2226
PTSEC,20090311,10.10,10.10,9.90,9.90,3370
PTSEC,20090312,9.90,9.90,9.90,9.90,579
PTSEC,20090313,10.00,10.20,9.95,9.95,17501
PTSEC,20090316,9.90,9.90,9.60,9.65,8662
PTSEC,20090317,9.75,9.95,9.70,9.95,4657
PTSEC,20090318,10.00,10.00,9.95,9.95,1913
PTSEC,20090319,10.00,10.10,9.95,10.00,6889
PTSEC,20090320,10.00,10.10,9.95,10.00,2397
PTSEC,20090323,10.00,10.40,10.00,10.20,25544
PTSEC,20090324,10.30,10.70,10.20,10.30,19290
PTSEC,20090325,10.30,10.60,10.10,10.20,3397
PTSEC,20090326,10.30,10.40,10.20,10.20,2851
PTSEC,20090327,10.20,10.20,10.20,10.20,3523
PTSEC,20090330,10.10,10.10,9.75,9.85,7799
PTSEC,20090331,9.85,9.90,9.80,9.90,1408
PTSEC,20090401,9.95,10.00,9.90,10.00,2885
PTSEC,20090402,10.10,10.60,10.10,10.60,11566
PTSEC,20090403,10.60,10.90,10.40,10.60,6588
PTSEC,20090407,10.50,10.70,10.40,10.40,3158
PTSEC,20090408,10.30,10.70,10.30,10.50,2708
PTSEC,20090409,10.50,11.00,10.50,10.80,15145
PTSEC,20090410,10.90,11.70,10.90,11.70,8623
PTSEC,20090416,11.40,12.70,11.20,12.60,29698
PTSEC,20090417,12.60,13.00,12.60,12.80,13351
PTSEC,20090420,12.80,13.20,12.80,12.80,19406
PTSEC,20090421,12.50,13.10,12.50,12.90,9192
PTSEC,20090422,13.20,13.20,12.30,12.30,8855
PTSEC,20090423,12.30,12.60,12.30,12.50,3473
PTSEC,20090424,12.70,13.60,12.70,13.40,31166
PTSEC,20090427,13.40,13.60,12.60,12.80,27011
PTSEC,20090428,12.90,13.00,12.40,12.40,15944
PTSEC,20090429,12.60,12.90,12.50,12.90,12511
PTSEC,20090430,13.20,13.60,13.00,13.40,27695
PTSEC,20090504,13.60,14.40,13.60,14.40,36951
PTSEC,20090506,14.50,16.20,14.30,16.10,50217
PTSEC,20090507,16.90,17.80,16.50,17.30,73793
PTSEC,20090511,17.00,17.20,16.50,16.60,50693
PTSEC,20090512,16.70,17.00,16.30,17.00,19436
PTSEC,20090513,17.00,17.50,16.80,17.00,37432
PTSEC,20090514,16.60,16.60,15.40,15.60,32609
PTSEC,20090515,16.10,16.10,15.30,15.70,9638
PTSEC,20090518,15.30,16.20,15.30,16.20,9851
PTSEC,20090519,17.00,17.10,16.70,16.70,23728
PTSEC,20090520,16.80,16.90,16.00,16.40,9310
PTSEC,20090521,16.20,16.50,15.30,15.50,14660
PTSEC,20090522,15.90,16.20,15.40,16.00,8016
PTSEC,20090525,16.00,16.20,15.70,15.80,6730
PTSEC,20090526,15.70,15.80,15.00,15.10,9620
PTSEC,20090527,15.50,15.70,15.40,15.50,8553
PTSEC,20090528,15.20,15.40,15.10,15.30,5395
PTSEC,20090529,15.40,15.80,15.30,15.30,10016
PTSEC,20090601,15.60,16.50,15.60,16.30,15528
PTSEC,20090602,16.40,16.70,15.90,15.90,20270
PTSEC,20090603,16.40,16.50,16.10,16.40,15308
PTSEC,20090604,16.50,17.10,16.40,17.10,22399
PTSEC,20090605,17.40,19.00,17.20,19.00,43304
PTSEC,20090608,19.00,20.60,18.40,19.00,71628
PTSEC,20090609,19.20,19.30,18.60,19.00,17275
PTSEC,20090610,19.40,19.60,19.20,19.60,32079
PTSEC,20090611,19.50,19.80,19.00,19.00,23190
PTSEC,20090612,19.30,19.40,18.90,18.90,15209
PTSEC,20090615,18.70,18.80,17.60,17.70,25349
PTSEC,20090616,17.20,17.40,17.00,17.20,13227
PTSEC,20090617,17.00,17.40,16.70,16.70,11470
PTSEC,20090618,16.90,16.90,15.90,16.00,10017
PTSEC,20090619,16.20,16.80,16.20,16.60,7712
PTSEC,20090622,16.80,16.80,15.70,16.00,15617
PTSEC,20090623,15.50,15.60,15.10,15.50,9427
PTSEC,20090624,15.70,15.90,15.50,15.80,8165
PTSEC,20090625,16.00,16.40,15.90,16.30,15309
PTSEC,20090626,16.60,16.90,16.50,16.50,13510
PTSEC,20090629,16.50,17.30,16.50,17.00,14476
PTSEC,20090630,17.40,17.40,16.30,16.80,8254
PTSEC,20090702,16.90,16.90,15.90,16.00,7919
PTSEC,20090703,15.70,16.10,15.70,15.80,8270
PTSEC,20090708,15.70,15.70,15.10,15.50,7666
PTSEC,20090709,15.40,16.00,15.40,16.00,5377
PTSEC,20090710,16.00,16.00,15.60,15.60,5546
PTSEC,20090713,15.50,15.50,14.70,15.00,9891
PTSEC,20090714,15.20,15.50,15.20,15.30,7541
PTSEC,20090715,15.70,15.90,15.50,15.80,6737
PTSEC,20090716,16.20,16.30,15.50,15.50,9970
PTSEC,20090717,15.80,16.30,15.60,16.10,9083
PTSEC,20090720,16.40,17.40,16.30,17.30,20676
PTSEC,20090721,17.20,17.80,17.10,17.20,14967
PTSEC,20090722,17.40,17.60,16.40,16.50,10661
PTSEC,20090723,16.80,17.50,16.60,17.50,12375
PTSEC,20090724,18.00,18.10,17.80,17.80,26535
PTSEC,20090727,18.10,18.50,17.70,17.90,8878
PTSEC,20090728,17.50,17.80,17.00,17.00,20603
PTSEC,20090729,17.10,17.10,16.80,17.00,6039
PTSEC,20090730,17.00,17.50,16.90,17.50,3111
PTSEC,20090731,17.80,17.80,17.40,17.40,9371
PTSEC,20090803,17.80,17.90,17.60,17.90,9985
PTSEC,20090804,18.00,18.20,17.70,17.80,12703
PTSEC,20090805,17.90,18.10,17.40,17.60,10566
PTSEC,20090806,17.80,17.90,17.60,17.70,8177
PTSEC,20090807,17.80,17.80,17.60,17.70,2701
PTSEC,20090810,17.80,17.80,17.50,17.50,2135
PTSEC,20090811,17.40,17.60,17.40,17.40,4015
PTSEC,20090813,17.40,17.70,17.40,17.60,17385
PTSEC,20090814,17.60,17.70,17.50,17.50,7002
PTSEC,20090817,17.20,17.40,16.90,17.00,9301
PTSEC,20090818,17.00,17.20,16.80,17.20,2754
PTSEC,20090819,17.10,17.20,16.90,16.90,4301
PTSEC,20090820,17.10,17.50,17.10,17.20,2022
PTSEC,20090821,17.10,17.20,17.10,17.20,4422
PTSEC,20090824,17.20,18.00,17.20,17.60,23394
PTSEC,20090825,17.70,17.80,17.50,17.60,4154
PTSEC,20090826,17.80,18.10,17.60,18.10,15086
PTSEC,20090827,18.10,18.10,17.70,17.80,15719
PTSEC,20090828,17.70,18.00,17.70,18.00,3967
PTSEC,20090831,17.90,18.00,17.80,17.80,3327
PTSEC,20090901,17.80,18.00,17.60,17.80,7721
PTSEC,20090902,17.80,17.90,17.70,17.90,1915
PTSEC,20090903,17.90,18.30,17.90,18.30,21115
PTSEC,20090904,18.40,19.30,18.40,19.10,42259
PTSEC,20090907,18.60,19.00,18.50,18.90,14906
PTSEC,20090908,19.40,19.50,19.00,19.00,31226
PTSEC,20090909,19.00,19.30,18.90,19.00,16003
PTSEC,20090910,19.40,19.50,18.90,18.90,35686
PTSEC,20090911,18.90,19.40,18.90,19.40,22381
PTSEC,20090914,19.30,19.30,18.90,19.30,9971
PTSEC,20090915,19.30,19.30,19.10,19.30,1867
PTSEC,20090916,19.40,19.50,19.20,19.30,6015
PTSEC,20090917,19.40,19.50,19.10,19.10,6699
PTSEC,20090918,19.20,19.20,18.70,19.10,10039
PTSEC,20090921,19.10,19.20,18.90,19.00,6045
PTSEC,20090922,19.00,19.30,18.90,19.30,10211
PTSEC,20090923,19.30,19.70,19.30,19.40,27263
PTSEC,20090924,19.30,19.40,19.10,19.20,7187
PTSEC,20090925,19.00,19.40,18.90,18.90,14054
PTSEC,20090928,18.80,18.90,18.40,18.40,9999
PTSEC,20090929,18.60,18.90,18.10,18.50,18330
PTSEC,20090930,18.60,18.60,18.30,18.60,8171
PTSEC,20091001,18.50,19.00,18.50,18.70,6778
PTSEC,20091002,18.60,18.70,18.60,18.60,3559
PTSEC,20091005,18.80,18.80,18.60,18.70,825
PTSEC,20091006,19.00,19.00,18.60,18.80,1712
PTSEC,20091007,19.00,19.40,19.00,19.00,16122
PTSEC,20091008,19.20,19.30,19.10,19.10,4754
PTSEC,20091009,19.60,20.50,19.50,20.00,50084
PTSEC,20091012,20.20,20.40,19.90,20.00,18325
PTSEC,20091013,20.20,20.30,19.40,19.40,19892
PTSEC,20091014,19.60,19.70,17.80,18.40,25427
PTSEC,20091015,18.80,18.90,17.30,17.40,19255
PTSEC,20091016,17.40,18.20,17.40,18.00,11242
PTSEC,20091019,18.40,18.40,18.00,18.30,13448
PTSEC,20091020,18.50,18.60,18.20,18.20,8681
PTSEC,20091021,18.30,18.40,18.00,18.10,11186
PTSEC,20091022,18.10,18.20,17.60,17.70,13456
PTSEC,20091026,17.70,17.90,17.60,17.60,6109
PTSEC,20091027,17.60,17.80,17.60,17.80,9425
PTSEC,20091028,17.80,17.90,17.70,17.80,6891
PTSEC,20091029,17.60,17.80,17.40,17.80,12362
PTSEC,20091030,18.00,18.10,17.80,17.80,8652
PTSEC,20091102,17.80,17.80,17.60,17.80,9907
PTSEC,20091103,17.80,17.80,17.60,17.60,2532
PTSEC,20091104,17.90,18.10,17.80,18.00,3235
PTSEC,20091105,18.00,18.40,17.90,18.00,6929
PTSEC,20091106,18.20,18.40,18.20,18.30,2932
PTSEC,20091109,18.50,18.60,18.30,18.50,6697
PTSEC,20091110,18.50,19.00,18.30,18.70,16637
PTSEC,20091111,18.90,18.90,18.70,18.70,1451
PTSEC,20091112,18.90,18.90,18.50,18.80,6820
PTSEC,20091113,18.50,18.80,18.50,18.70,5122
PTSEC,20091116,18.70,18.90,18.70,18.90,3889
PTSEC,20091117,19.00,19.00,18.60,18.90,3427
PTSEC,20091118,18.90,18.90,18.70,18.80,4654
PTSEC,20091119,18.70,18.80,18.60,18.70,1384
PTSEC,20091120,18.80,18.80,18.40,18.40,2836
PTSEC,20091123,18.30,18.40,18.10,18.20,3733
PTSEC,20091124,18.30,18.30,18.10,18.20,1859
PTSEC,20091125,18.20,18.30,18.00,18.20,2693
PTSEC,20091126,18.20,18.40,18.10,18.10,3101
PTSEC,20091127,18.00,18.00,17.20,17.50,8188
PTSEC,20091130,17.50,17.80,17.30,17.30,8868
PTSEC,20091201,17.40,17.50,17.30,17.50,16087
PTSEC,20091202,17.50,17.60,17.30,17.30,4247
PTSEC,20091203,17.30,17.80,17.30,17.70,2337
PTSEC,20091204,17.60,17.70,17.30,17.50,3334
PTSEC,20091208,17.50,17.60,17.40,17.40,623
PTSEC,20091209,17.40,17.40,17.20,17.20,3697
PTSEC,20091211,17.30,17.30,17.00,17.10,9736
PTSEC,20091214,17.10,17.10,16.90,17.00,8877
PTSEC,20091215,17.00,17.00,16.90,17.00,8562
PTSEC,20091216,17.00,17.00,16.90,17.00,2727
PTSEC,20091217,17.10,17.10,16.90,17.00,4417
PTSEC,20091218,17.00,17.00,16.90,16.90,4982
PTSEC,20091221,16.90,16.90,16.80,16.90,1086
PTSEC,20091222,16.90,17.10,16.90,17.00,6497
PTSEC,20091223,17.00,17.00,16.80,16.80,8116
PTSEC,20091224,16.90,17.00,16.90,16.90,2657
PTSEC,20091225,16.90,16.90,16.80,16.90,860
PTSEC,20091228,16.90,16.90,16.90,16.90,1617
PTSEC,20091229,16.90,17.10,16.90,17.00,4819
PTSEC,20091230,17.00,17.00,16.90,16.90,1206
PTSEC,20100104,16.90,17.30,16.90,16.90,1398
PTSEC,20100105,17.00,17.00,16.90,16.90,3266
PTSEC,20100106,16.90,16.90,16.80,16.80,5880
PTSEC,20100107,16.90,16.90,16.70,16.70,1713
PTSEC,20100108,16.70,16.80,16.60,16.60,3861
PTSEC,20100111,16.70,16.80,16.60,16.60,6214
PTSEC,20100112,16.60,16.60,16.50,16.50,4611
PTSEC,20100113,16.50,16.60,16.40,16.50,3265
PTSEC,20100114,16.60,16.80,16.30,16.50,6806
PTSEC,20100115,16.50,16.60,16.40,16.60,1333
PTSEC,20100118,16.60,16.70,16.60,16.60,2068
PTSEC,20100119,16.60,16.60,16.40,16.40,3000
PTSEC,20100120,16.50,16.50,16.30,16.40,1653
PTSEC,20100121,16.30,16.40,16.20,16.30,3226
PTSEC,20100122,16.20,16.20,15.90,16.10,3248
PTSEC,20100125,16.00,16.00,15.80,15.90,2976
PTSEC,20100126,15.90,16.00,15.90,15.90,3746
PTSEC,20100127,15.80,16.00,15.50,15.60,6136
PTSEC,20100128,15.70,15.70,15.40,15.40,4118
PTSEC,20100129,15.30,15.30,15.00,15.30,3672
PTSEC,20100201,15.30,15.50,15.20,15.30,1687
PTSEC,20100202,15.50,15.60,15.10,15.50,2302
PTSEC,20100203,15.50,15.80,15.50,15.60,1578
PTSEC,20100204,15.50,15.70,15.40,15.50,487
PTSEC,20100205,15.20,15.50,15.20,15.40,615
PTSEC,20100208,15.30,15.30,15.10,15.10,2003
PTSEC,20100209,15.10,15.20,15.00,15.10,2717
PTSEC,20100210,15.30,15.30,15.00,15.20,2310
PTSEC,20100211,15.10,15.20,15.00,15.10,2315
PTSEC,20100212,15.10,15.60,15.10,15.20,10471
PTSEC,20100215,15.40,15.60,15.30,15.60,1887
PTSEC,20100216,15.60,16.50,15.60,16.20,5081
PTSEC,20100217,16.20,16.40,16.20,16.20,4439
PTSEC,20100218,16.30,16.30,15.70,15.70,4339
PTSEC,20100219,15.70,16.00,15.70,16.00,1490
PTSEC,20100222,16.10,16.70,16.10,16.70,6940
PTSEC,20100223,16.90,17.10,16.80,16.90,19155
PTSEC,20100224,16.90,17.40,16.90,17.00,9604
PTSEC,20100225,17.10,17.20,17.00,17.00,16348
PTSEC,20100226,17.00,17.20,17.00,17.10,12753
PTSEC,20100302,17.10,17.40,17.10,17.40,10073
PTSEC,20100303,17.50,17.70,17.50,17.60,7724
PTSEC,20100304,17.70,18.00,17.70,18.00,7356
PTSEC,20100305,18.00,18.20,17.70,17.90,27906
PTSEC,20100308,16.90,17.70,16.90,17.50,26289
PTSEC,20100309,17.40,17.60,17.40,17.50,1726
PTSEC,20100310,17.60,17.80,17.60,17.80,7276
PTSEC,20100311,17.80,18.20,17.80,18.20,9597
PTSEC,20100312,18.30,18.30,18.00,18.30,5992
PTSEC,20100315,18.30,18.70,18.20,18.70,16623
PTSEC,20100316,18.70,19.00,18.70,19.00,15252
PTSEC,20100317,17.60,17.80,17.60,17.70,16043
PTSEC,20100318,17.80,17.90,17.60,17.60,24514
PTSEC,20100319,17.70,17.90,17.60,17.80,6603
PTSEC,20100322,17.70,18.00,17.70,17.70,10278
PTSEC,20100323,17.80,17.90,17.50,17.50,6854
PTSEC,20100324,17.70,18.30,17.70,18.30,27029
PTSEC,20100325,18.40,20.40,18.20,20.40,76842
PTSEC,20100326,20.50,20.50,19.30,19.60,27783
PTSEC,20100329,19.60,19.90,19.00,19.70,17842
PTSEC,20100330,19.70,19.90,19.60,19.80,7780
PTSEC,20100331,19.90,19.90,18.80,18.80,15044
PTSEC,20100401,19.20,19.40,19.00,19.20,6653
PTSEC,20100402,19.30,19.40,19.10,19.10,2617
PTSEC,20100405,19.00,19.00,18.90,18.90,2261
PTSEC,20100407,19.10,19.10,18.80,18.80,4941
PTSEC,20100408,18.80,18.80,18.30,18.30,5223
PTSEC,20100409,18.30,18.30,18.10,18.20,2515
PTSEC,20100412,17.50,17.90,16.90,17.90,12329
PTSEC,20100416,17.90,17.90,17.10,17.20,2640
PTSEC,20100419,17.10,17.20,16.90,16.90,4736
PTSEC,20100420,17.00,17.60,17.00,17.50,4080
PTSEC,20100421,17.50,18.00,17.40,18.00,9084
PTSEC,20100422,18.00,18.10,17.90,18.00,6797
PTSEC,20100423,17.50,17.90,17.50,17.90,1581
PTSEC,20100426,18.00,18.20,17.90,18.20,3648
PTSEC,20100427,18.20,18.20,17.90,18.00,754
PTSEC,20100428,17.60,17.90,17.60,17.80,1089
PTSEC,20100429,17.80,17.90,17.80,17.90,116
PTSEC,20100430,18.00,18.10,17.90,17.90,445
PTSEC,20100504,18.20,18.50,18.10,18.50,6208
PTSEC,20100506,18.20,18.30,18.00,18.10,8528
PTSEC,20100507,17.90,17.90,17.80,17.90,2308
PTSEC,20100510,17.90,18.00,17.70,17.80,6663
PTSEC,20100511,18.00,18.00,17.60,17.80,3512
PTSEC,20100512,17.90,17.90,17.70,17.70,1096
PTSEC,20100513,17.70,17.90,17.70,17.80,1856
PTSEC,20100514,17.70,18.00,17.70,17.90,2173
PTSEC,20100517,17.60,17.80,17.60,17.70,4486
PTSEC,20100518,17.80,18.00,17.70,17.90,2163
PTSEC,20100519,17.90,18.00,17.70,18.00,583
PTSEC,20100524,17.80,17.90,17.70,17.70,1934
PTSEC,20100525,17.60,17.70,17.50,17.50,1963
PTSEC,20100526,17.70,18.00,17.70,18.00,2433
PTSEC,20100527,18.10,18.10,17.80,17.90,3807
PTSEC,20100531,17.90,18.10,17.90,18.10,1656
PTSEC,20100601,18.00,18.20,18.00,18.00,6031
PTSEC,20100602,18.10,18.40,18.10,18.30,5103
PTSEC,20100603,18.40,18.50,18.30,18.40,4627
PTSEC,20100604,18.40,18.40,18.20,18.30,3639
PTSEC,20100607,18.10,18.10,18.00,18.00,2389
PTSEC,20100608,18.10,18.20,18.00,18.00,1074
PTSEC,20100609,18.10,18.20,18.10,18.10,1651
PTSEC,20100610,18.20,18.20,17.80,18.10,3757
PTSEC,20100611,18.10,18.20,17.90,18.00,2571
PTSEC,20100614,18.20,18.20,18.10,18.10,2183
PTSEC,20100615,18.20,18.20,18.00,18.00,543
PTSEC,20100616,18.10,18.20,18.00,18.00,4145
PTSEC,20100617,18.00,18.00,17.90,18.00,5320
PTSEC,20100618,17.90,17.90,17.60,17.70,19226
PTSEC,20100621,17.80,18.10,17.80,18.00,17835
PTSEC,20100622,17.90,18.00,17.70,17.70,28147
PTSEC,20100623,17.80,17.80,17.60,17.60,20175
PTSEC,20100624,17.60,17.90,17.60,17.90,3631
PTSEC,20100625,17.80,17.90,17.80,17.90,4810
PTSEC,20100628,18.00,18.00,17.90,18.00,4665
PTSEC,20100629,18.00,18.10,17.90,18.00,8030
PTSEC,20100630,18.00,18.10,18.00,18.00,7909
PTSEC,20100702,18.00,18.20,18.00,18.10,5040
PTSEC,20100705,18.10,18.10,18.00,18.00,18646
PTSEC,20100706,18.00,18.20,18.00,18.20,5834
PTSEC,20100707,18.20,18.80,18.20,18.30,16168
PTSEC,20100708,18.60,18.90,18.40,18.80,11846
PTSEC,20100709,18.90,19.30,18.90,19.10,13669
PTSEC,20100712,19.30,19.60,19.20,19.30,13985
PTSEC,20100713,19.30,19.40,19.00,19.10,4946
PTSEC,20100714,19.20,19.40,19.10,19.10,1099
PTSEC,20100715,19.10,19.20,19.10,19.10,1933
PTSEC,20100716,19.10,19.50,19.10,19.40,9921
PTSEC,20100719,19.50,19.60,19.20,19.60,5069
PTSEC,20100720,19.70,19.80,19.50,19.60,9751
PTSEC,20100721,19.60,20.90,19.60,20.90,16963
PTSEC,20100722,20.80,21.10,20.50,21.10,13197
PTSEC,20100723,21.40,21.60,21.20,21.30,10540
PTSEC,20100727,21.40,21.60,20.80,20.80,15011
PTSEC,20100728,20.80,20.90,20.20,20.40,8745
PTSEC,20100729,20.90,20.90,20.20,20.30,13519
PTSEC,20100730,20.30,20.30,19.90,20.10,27125
PTSEC,20100802,20.20,21.00,20.20,20.80,12891
PTSEC,20100803,21.00,21.10,20.70,20.70,11106
PTSEC,20100804,20.90,20.90,20.70,20.80,5983
PTSEC,20100805,20.80,20.90,20.70,20.70,7219
PTSEC,20100806,20.90,20.90,20.70,20.70,6433
PTSEC,20100809,20.70,21.00,20.70,20.90,5749
PTSEC,20100810,21.00,21.00,20.70,20.80,4570
PTSEC,20100811,20.80,20.90,20.80,20.90,4022
PTSEC,20100816,20.80,20.80,20.60,20.70,13484
PTSEC,20100817,20.70,20.80,20.70,20.70,5529
PTSEC,20100818,20.70,21.30,20.70,21.30,20224
PTSEC,20100819,21.40,21.70,21.30,21.50,20585
PTSEC,20100820,21.60,21.90,21.60,21.80,8838
PTSEC,20100823,22.00,22.20,21.70,21.90,23519
PTSEC,20100824,21.80,21.90,21.50,21.60,12328
PTSEC,20100825,22.00,22.10,21.80,22.00,35449
PTSEC,20100826,22.20,23.40,22.20,23.30,70464
PTSEC,20100827,23.50,24.20,23.50,24.10,55453
PTSEC,20100830,25.00,27.50,24.60,27.50,107953
PTSEC,20100831,26.50,27.00,25.25,27.00,67887
PTSEC,20100901,27.25,27.50,27.00,27.50,39409
PTSEC,20100902,28.00,28.50,27.00,27.75,65313
PTSEC,20100903,28.25,28.50,27.75,28.00,36189
PTSEC,20100906,27.00,27.25,26.50,27.25,45278
PTSEC,20100907,27.25,27.50,25.25,25.75,44704
PTSEC,20100908,25.25,25.50,24.80,24.80,27005
PTSEC,20100909,25.00,25.50,24.50,24.60,28656
PTSEC,20100910,24.90,27.25,24.90,26.50,49998
PTSEC,20100913,26.75,28.00,26.50,27.00,44959
PTSEC,20100914,27.00,27.50,26.00,26.00,21104
PTSEC,20100915,26.00,26.25,24.80,26.00,36178
PTSEC,20100916,25.75,26.25,25.50,26.00,4888
PTSEC,20100917,25.75,26.00,25.50,25.75,4616
PTSEC,20100920,25.75,26.00,25.50,26.00,7559
PTSEC,20100921,26.00,26.25,25.75,26.25,4764
PTSEC,20100922,26.25,27.00,26.25,26.50,10866
PTSEC,20100923,26.75,27.50,26.50,26.50,23568
PTSEC,20100924,26.75,27.00,26.50,27.00,11477
PTSEC,20100927,27.50,27.50,27.00,27.50,18628
PTSEC,20100928,27.75,27.75,26.75,26.75,15387
PTSEC,20100929,27.25,27.75,26.75,27.00,11476
PTSEC,20100930,27.00,27.50,26.75,27.50,12700
PTSEC,20101001,27.50,28.75,27.00,28.75,64116
PTSEC,20101004,29.25,29.25,27.75,28.75,77694
PTSEC,20101005,28.75,29.00,28.00,29.00,18948
PTSEC,20101006,29.75,31.75,29.50,30.50,104134
PTSEC,20101007,30.25,30.25,28.50,29.00,34096
PTSEC,20101008,29.25,29.50,27.75,28.00,24133
PTSEC,20101011,28.25,29.00,28.25,29.00,8628
PTSEC,20101012,28.75,29.25,28.50,29.00,15076
PTSEC,20101013,29.50,30.25,29.50,29.75,38773
PTSEC,20101014,30.25,30.25,29.50,29.50,17571
PTSEC,20101015,29.75,30.00,29.50,29.75,13839
PTSEC,20101018,29.50,30.00,28.75,29.00,11833
PTSEC,20101019,29.25,29.25,28.75,28.75,11292
PTSEC,20101020,28.75,29.00,28.75,29.00,5460
PTSEC,20101021,29.00,29.25,28.75,29.00,9608
PTSEC,20101022,29.00,29.00,28.25,28.50,8915
PTSEC,20101026,28.50,29.00,28.00,29.00,12524
PTSEC,20101027,29.25,29.25,28.25,28.75,17977
PTSEC,20101028,28.75,29.00,28.50,28.75,7209
PTSEC,20101029,28.75,28.75,28.25,28.50,17980
PTSEC,20101101,28.50,29.00,28.50,28.75,7417
PTSEC,20101102,28.50,29.00,28.50,28.50,8018
PTSEC,20101103,28.75,29.00,28.50,28.50,11984
PTSEC,20101104,29.00,29.75,29.00,29.75,27280
PTSEC,20101105,30.25,30.50,29.50,29.50,13019
PTSEC,20101108,30.00,30.00,29.25,29.50,7760
PTSEC,20101109,29.75,29.75,28.75,29.00,6508
PTSEC,20101110,29.25,30.00,28.25,28.50,28715
PTSEC,20101111,28.75,29.25,28.00,28.25,15918
PTSEC,20101112,28.00,28.00,27.00,27.50,24077
PTSEC,20101115,27.50,27.50,26.75,27.25,11821
PTSEC,20101116,27.25,27.25,25.75,25.75,25731
PTSEC,20101117,25.25,25.75,24.90,25.00,20854
PTSEC,20101118,25.50,26.00,25.25,26.00,7680
PTSEC,20101119,27.00,27.50,26.50,26.50,10952
PTSEC,20101122,27.00,27.00,26.50,26.50,2023
PTSEC,20101123,26.50,26.50,25.25,26.00,7434
PTSEC,20101124,26.00,26.25,26.00,26.25,5767
PTSEC,20101125,26.25,27.00,26.25,26.75,7291
PTSEC,20101126,26.75,26.75,26.00,26.50,3268
PTSEC,20101129,26.75,26.75,26.00,26.75,5084
PTSEC,20101130,26.75,26.75,25.75,26.50,7338
PTSEC,20101201,26.50,27.25,26.00,27.25,9546
PTSEC,20101202,27.25,27.75,27.00,27.50,8753
PTSEC,20101203,27.75,27.75,27.00,27.00,4936
PTSEC,20101207,27.00,27.50,27.00,27.25,3152
PTSEC,20101208,27.75,28.75,27.75,27.75,23620
PTSEC,20101209,28.25,28.50,27.75,28.00,12278
PTSEC,20101213,28.25,28.25,27.00,27.25,12461
PTSEC,20101214,27.25,27.50,27.00,27.25,3800
PTSEC,20101215,27.25,28.00,27.25,27.75,12438
PTSEC,20101216,27.50,27.75,27.00,27.25,11214
PTSEC,20101217,27.25,27.75,27.00,27.75,12812
PTSEC,20101220,27.50,27.75,26.00,27.00,12078
PTSEC,20101221,26.75,27.00,26.75,27.00,20753
PTSEC,20101222,26.50,26.50,24.50,24.70,4750
PTSEC,20101223,23.00,24.00,22.20,22.40,8330
PTSEC,20101224,21.70,23.00,21.30,22.70,1838
PTSEC,20101227,22.50,23.50,22.40,23.50,1468
